attack
21
0.0354796	0.0420499	0.0425756	0.0431012	0.0438896	0.0446781	0.0454665	0.0467806	0.0483574	0.0486202	0.0480946	0.0425756	0.0483574	0.0659658	0.0662286	0.0664915	0.0588699	0.0462549	0.0412615	0.0394218	0.0354796	
0.75	0.753968	0.757937	0.765873	0.765873	0.769841	0.777778	0.797619	0.833333	0.865079	0.884921	0.924603	1	0.873016	0.869048	0.869048	0.952381	0.992063	0.920635	0.793651	0.75	

slide
7
0.140264	0.141914	0.143564	0.145215	0.145215	0.142739	0.141089	
0.994505	1	1	1	1	1	0.994505	

run
12
0.0833333	0.0833333	0.0833333	0.0833333	0.0833333	0.0833333	0.0833333	0.0833333	0.0833333	0.0833333	0.0833333	0.0833333	
0.979275	0.989637	1	1	1	0.989637	0.984456	0.989637	1	0.994819	0.989637	0.984456	

walk
12
0.0833333	0.0833333	0.0833333	0.0833333	0.0833333	0.0833333	0.0833333	0.0833333	0.0833333	0.0833333	0.0833333	0.0833333	
0.979275	0.989637	1	1	1	0.989637	0.984456	0.989637	1	0.994819	0.989637	0.984456	

prone
14
0.0702271	0.0698066	0.0702271	0.0714886	0.0719092	0.0723297	0.0731707	0.0735913	0.0727502	0.0723297	0.0714886	0.0706476	0.0702271	0.0698066	
0.988095	0.988095	0.988095	0.988095	0.988095	0.994048	0.994048	1	0.994048	0.994048	0.988095	0.988095	0.988095	0.988095	

idle
0.0714286
1

jump1
0.0
0.142553	

jump2
0.0f
0.142553	

jump3
0.0f
0.142553	


//put the order of activities in same order in the code during reading 
