knight
0.24955	0	0	0	0	0.25	0	0	0	0	0.25	0	-0.553632	-0.656872	0	1	
-1.05368	0.243128	0	
0.998201	1	1
cont0
0.254211	0	0	0	0	1.92282	0	0	0	0	0.5	0	7.75588	0.0388616	0	1	
7.25584	-0.661138	0	
0.508421	3.84569	1
cont1
0.629997	0	0	0	0	0.135355	0	0	0	0	0.5	0	0.0263145	-0.436968	0	1	
-0.473684	0.263033	0	
1.26	0.27071	1
cont2
0.961574	0	0	0	0	0.163223	0	0	0	0	0.5	0	0.950438	-0.0331755	0	1	
1.45105	0.666825	0	
1.92316	0.326446	1
coin0
0.1	0	0	0	0	0.1	0	0	0	0	0.1	0	1.24583	0.120379	0	1	
1.94579	-0.579621	0	
1	1	1
coin1
0.1	0	0	0	0	0.1	0	0	0	0	0.1	0	2.77637	-0.634123	0	1	
3.47632	-1.33412	0	
1	1	1
coin2
0.1	0	0	0	0	0.1	0	0	0	0	0.1	0	2.32479	-0.647392	0	1	
3.02474	-1.34739	0	
1	1	1
coin3
0.1	0	0	0	0	0.1	0	0	0	0	0.1	0	3.14373	-0.651185	0	1	
3.84368	-1.35118	0	
1	1	1
bg
2	0	0	0	0	1	0	0	0	0	1	0	1.23	0	0	1	
1.23	0	0	
1	1	1
