cont0
1	0	0	0	0	1	0	0	0	0	1	0	-0.00833333	0.271972	0	1	
0.487812	0	0	0	0	0.338455	0	0	0	0	0.5	0	0	0	0	1	
1.17623
-0.508333	-0.128028	0	
0.975624	0.676909	1
cont1
1	0	0	0	0	1	0	0	0	0	1	0	0.00416617	0.0312794	0	1	
0.719691	0	0	0	0	0.300601	0	0	0	0	0.5	0	0	0	0	1	
0
-0.495833	0.431279	0	
1.43937	0.601202	1
cont2
1	0	0	0	0	1	0	0	0	0	1	0	-0.019792	-0.201991	0	1	
0.363124	0	0	0	0	0.300601	0	0	0	0	0.5	0	0	0	0	1	
0
0.480208	0.198009	0	
0.726249	0.601202	1
contr0
1	0	0	0	0	1	0	0	0	0	1	0	-0.0520833	0.309083	0	1	
0.549062	0	0	0	0	0.249387	0	0	0	0	0.5	0	0	0	0	1	
0
-0.552083	0.709083	0	
1.09812	0.498775	1
contr1
1	0	0	0	0	1	0	0	0	0	1	0	-0.0562496	0.118226	0	1	
0.584062	0	0	0	0	0.239912	0	0	0	0	0.5	0	0	0	0	1	
0
0.44375	-0.281774	0	
1.16812	0.479823	1
contr2
1	0	0	0	0	1	0	0	0	0	1	0	-0.0552082	-0.0864156	0	1	
0.518438	0	0	0	0	0.227121	0	0	0	0	0.5	0	0	0	0	1	
0
0.444791	0.313584	0	
1.03688	0.454241	1
contr3
1	0	0	0	0	1	0	0	0	0	1	0	-0.0666661	-0.295299	0	1	
0.310625	0	0	0	0	0.256067	0	0	0	0	0.5	0	0	0	0	1	
0
0.433333	0.104701	0	
0.62125	0.512135	1
pointer
1	0	0	0	0	1	0	0	0	0	1	0	-0.302269	0.271972	0	1	
0.0937357	0	0	0	0	0.0801606	0	0	0	0	0.25	0	0	0	0	1	
0
0.197761	-0.128028	0	
0.374943	0.320643	1
pointerr
1	0	0	0	0	1	0	0	0	0	1	0	-0.271968	-0.295299	0	1	
0.09625	0	0	0	0	0.0779336	0	0	0	0	0.25	0	0	0	0	1	
0
0.228027	-0.695299	0	
0.385	0.311734	1
